38.6
16.2
24.5
26.9
56.2
82.1
32.8
20.5
32.3
28.9
36.5
23.5
36
52.3
76.3
61.5
50.2
48
51.5
44.3
66.5
68.5
87.8
86.5
79.8
65.9
74.2
54.8
61.2
58.9
56.4
46.4
54.1
54.1
46.5
59.4
63.4
83.7
73
89.5
89.8
58.3
60.2
78.1
59.6
45.6
43
53.9
75.7
44.4
54.4
51.2
60.5
47.2
90.9
114
81.5
184
346
291
225
216
190
198
278
437
410
304
269
264
207
211
207
199
151
145
88.8
84.2
71.6
61.1
91.7
71
55.2
80.8
70.6
79.3
35.6
50.6
51.7
59.2
52.8
55.3
71.2
55.5
44.9
68
70.4
71.1
131
249
170
144
142
157
148
160
215
296
277
262
238
172
127
159
167
293
234
308
278
247
190
194
389
312
240
209
221
204
143
172
297
317
271
290
255
230
237
243
250
260
235
193
175
158
104
112
126
192
150
148
141
157
177
169
119
89.1
109
112
105
84.1
111
170
161
149
110
91.1
124
143
156
130
121
135
162
342
449
725
504
385
326
264
245
222
169
151
136
140
142
127
156
141
138
92
87.1
78.1
73.7
74.5
98.5
105
132
98.5
112
97.3
106
104
112
138
119
132
102
103
125
117
118
63.8
61.1
100
319
299
252
203
181
152
158
146
126
126
82
104
63.9
69.4
74.1
97.8
143
168
155
146
136
98.2
61.7
72.1
39
66.9
67.4
64.8
53.7
58.4
103
101
74.9
63.6
74.9
52
62.2
70.7
113
127
103
93.8
73.8
41.5
44.4
46.3
48.7
47.9
55.2
57.7
58.2
112
64.9
48.9
39.5
23
20.8
23.7
12.9
27.5
32.1
46.7
41.2
51.7
54.2
55.4
28.8
23
22.7
16.2
14.2
20.2
24
25.1
22
25.4
20.8
29.2
50.5
25.7
56.5
54.4
47.9
58
50.3
42.6
61.5
172
40.9
66.5
47.2
36.6
28.2
20.4
15.2
25.5
50.2
50.3
54.6
80.3
58.3
62.8
54.7
45.8
55.3
55.1
49.5
42
14.5
25.2
54.3
44.4
37.4
104
72.9
135
260
249
322
338
259
211
202
124
164
111
84.1
78.6
69.1
90.2
92.9
77.7
86.2
90.7
61.9
76.9
74.8
66.9
57
56.6
56.4
51.8
50.9
49.5
61.1
83.7
108
136
87.2
62.3
5.91
8.34
33.8
31.5
43.7
47
36.7
42
16.6
16.1
10.2
13.2
17.7
18.3
70.8
62.1
83.5
50.2
47.1
62.4
29.6
23.1
9.97
11.8
11.6
25.4
19.4
20.1
53.4
57.2
17.4
27.7
34.6
36.3
41.2
57.9
93.7
92.9
72.9
77.2
72.5
45.1
13.7
8.85
11.5
42.5
64.9
93.9
79.5
68
30.5
17.5
15.3
30.6
40.7
55
45.5
66.8
80.8
68
70.7
88.5
45.1
35.2
43.4
40.8
39
41.6
43
39.5
47.8
28.3
18.1
18.4
10.1
18.5
42
15.9
66.8
80
52.7
47.8
64.7
51.1
99.7
194
176
106
140
134
132
123
141
199
269
192
61.4
123
121
160
178
147
122
115
78.8
69.5
82.4
68.2
96.3
131
97.4
108
117
141
200
223
265
187
179
252
223
174
207
396
335
275
246
230
251
380
334
262
253
229
277
866
387
310
815
904
1050
661
434
361
396
424
376
284
267
262
261
248
238
232
270
385
312
311
282
346
407
396
362
299
286
299
285
244
230
220
235
220
250
231
289
250
255
224
184
161
126
136
103
132
109
124
102
90.4
104
109
102
115
170
190
461
343
315
359
290
257
317
277
262
227
205
211
204
185
178
153
133
106
104
139
112
98
82.6
87.3
87
69.7
68.3
163
156
135
166
169
125
176
289
201
169
288
280
238
159
135
149
141
110
105
164
267
231
205
185
167
145
126
111
97.8
81.1
64
65.1
65.7
61.9
156
137
133
115
99.9
46
67.2
109
156
170
211
92.4
98.5
89.7
75.3
46.2
47.2
56.5
60.9
70.9
72.7
65.3
71.9
83.7
98.6
98.5
90.4
90.7
79.2
72.8
66.4
71.9
71
73.3
57.4
59.4
47
56
78.7
86.3
45.9
33.9
24
42.9
32
56
40
54
51.6
61
74.4
80.8
65.1
36.3
36.4
28.8
38.9
28
36.6
36.9
41.2
45.7
52.4
55
38.7
31.8
23.5
78.7
70
72.4
59.3
34.4
32.8
36
39.1
30.8
19.8
17.4
13.5
10.3
48.9
61.4
39.7
60.9
59.4
9.84
21.7
27
15.4
16.7
9.99
90.7
130
210
297
293
289
199
37.1
73.3
63
74.3
54.3
74.3
102
92.2
35.1
34.2
36.7
30.7
42.9
28.8
34.6
29.6
26.5
23
16
35.8
39.7
38.7
26
17.3
10.5
31.8
29.8
46.1
35.9
42
54.5
51.3
54.2
51
37.4
58.6
48
31.8
21.1
29.2
26.5
23.3
20.6
19.6
14.2
19.4
21.5
28.3
76.3
66.3
71.9
137
128
74.9
92.5
36.4
60.1
64.3
55.3
49
28.4
40.6
30.9
12.9
11.5
15.5
29.3
29
75.9
74.4
46.6
65
63
39.1
50.3
34.9
36
47.6
50.7
61.9
68.6
148
152
146
95.5
86.2
77.5
103
91.5
100
106
97
88.5
82
80.1
44
31.1
28.5
43.5
64.6
154
173
162
129
170
108
30.4
66.6
75.8
67.2
86.2
64
43.5
30
28.2
23
19.8
14.1
22.1
32.5
31.3
74.7
54.1
43.7
71.7
66.5
57
96.7
91.9
84.3
73.1
97.4
43
43
18.9
37.3
172
206
223
273
231
160
182
170
187
184
408
433
280
313
333
325
324
1870
668
408
301
542
333
356
289
325
254
226
212
244
232
319
284
352
306
239
214
234
217
186
159
153
153
152
172
183
162
181
185
314
322
301
278
217
182
193
166
180
189
162
164
142
197
219
179
124
102
101
95.8
112
134
147
116
85.2
83.6
106
102
77.3
78.9
47.5
227
170
118
135
122
86.9
96.1
75.1
74.6
40
62.9
64.8
77.6
77.7
66.9
81.1
74.1
77
88.8
100
213
140
135
64.4
85
59.8
148
322
251
202
178
62.3
84.6
72.3
81.3
79.8
78.3
82.4
63.4
66.3
84.1
71.1
60.5
53.5
54.1
40.3
45.4
24.3
77.5
73.6
56.5
83
61
45.9
46.1
67.2
83.4
58.5
62.2
67.5
45.2
7.66
34.9
9.01
36.9
23.9
24.7
27.2
27.7
24.9
27.4
23.5
26.4
16.4
26.9
24.8
36
66.5
49.2
32.1
18.6
11.5
20.1
7.94
13.7
22.6
20.8
18
14.7
45.5
46.1
67.3
52.6
51.2
31.6
43.3
50.4
45.2
28.5
18.4
26.7
16.3
24
18.8
11.6
14.6
44
70.8
68.6
114
68
64
71.2
38.6
74.3
44.6
45.1
44.3
3.98
6.34
50.9
64.6
51.8
45.7
38.5
6.18
6.63
6.98
4.6
43.5
31.7
60.1
53.8
55.1
46.3
34.1
26.6
20.7
10.2
9.16
17.4
23.2
13.8
17.7
12.6
53.8
51
53.5
66.9
68.8
57.1
22.1
19.4
19.2
18.6
22.4
17.8
22.2
21.1
17
18.8
16.1
12.1
7.07
21.3
33.7
36.5
25.5
11.3
12.1
6.72
48.4
64.7
100
110
13.9
45.1
19.5
17.9
36.1
12.2
13.2
9.12
57
46.1
52.9
40.6
12.1
15.5
19.5
20.3
66.6
67.8
42.8
8.74
9.23
20.2
8.63
28.3
20.7
60
45.5
41.1
54.8
49
49.6
47.2
22
23.4
19.8
25.5
22.3
29.4
32.6
43.3
44.9
53.8
17.6
42.4
38.3
18.9
17
47.8
69.3
57
83.2
76.2
61.1
51.8
31.9
24.5
45.8
31.9
36.2
16.6
10.1
40.8
19.8
17.1
12.8
10.7
10
39.1
55
53.7
60.1
57.1
52.2
47.8
53.4
51.2
61.9
57.3
54.9
47.3
48.1
39.7
41.9
45.1
41.6
33.5
47.4
5.93
21.2
22.2
18
9.07
4.2
4.81
7.05
147
92.5
69.2
61.4
39.4
45.2
41
60.9
54.1
60.5
85.6
164
130
115
174
223
253
244
186
390
302
267
233
183
155
143
164
128
160
274
419
327
223
348
302
330
965
550
323
302
367
323
398
324
254
248
216
221
196
187
173
149
166
436
335
272
242
192
163
113
95.5
107
98.4
140
128
133
153
116
83.7
84.1
85.2
80.1
77.2
77.4
80.1
103
173
124
160
149
105
36.2
53.2
42.7
43.7
39.9
30.8
72.3
42.3
99.1
87.4
109
433
278
400
512
396
259
305
256
205
192
126
85.9
55.5
58.4
109
95.5
124
153
167
135
98.8
110
112
164
265
196
213
162
156
167
172
188
163
102
93.5
74.8
101
87.6
138
179
66
174
258
249
275
181
143
150
130
197
42.9
31.4
95.5
135
88.3
86.6
64.1
87.8
61
81.2
118
368
207
228
158
139
100
67
122
120
208
114
129
128
196
208
160
49.5
101
128
119
105
106
81.9
68.6
39.9
38.7
142
104
72
34.8
21.9
20
35.6
48.9
59.2
64.9
66.8
90.4
75.4
80.6
59
33.3
57.5
64.3
77.6
70.6
68
67
49.6
56.2
82.1
104
109
93
105
55.3
43.4
45.6
26.5
17.4
9.99
78
52.3
72.7
83.5
82.8
66.1
55.6
65.4
49.2
39.9
29.9
71
42.1
42.4
32.4
113
90.3
74.9
95.6
504
405
258
173
178
167
156
126
120
120
120
84.8
76.6
56.4
76.3
52
78.9
126
88.5
116
81.3
72.7
121
96.6
79.1
57.1
24.6
267
169
179
129
65.3
78.6
48.1
112
87.5
39
39.8
149
98.3
91
144
166
211
262
255
210
184
184
445
1460
1070
431
398
426
339
290
246
204
184
173
149
147
160
166
179
190
148
158
116
133
140
148
152
137
134
131
106
71.1
53
83
62.2
85.4
41.2
67
80
74.8
82.2
96.4
104
111
185
186
139
151
256
154
157
175
241
343
448
2000
1130
966
1390
592
465
367
307
281
279
308
260
249
236
276
289
261
238
223
265
281
470
325
388
740
448
774
559
1320
1130
554
515
408
383
354
532
508
748
592
384
311
1680
880
538
511
418
385
389
342
339
316
417
310
294
273
273
281
236
238
269
233
336
967
448
339
270
307
258
284
285
300
286
276
235
200
269
331
361
228
246
257
251
296
259
348
337
385
413
536
587
417
303
269
239
234
248
237
203
236
205
178
214
171
170
185
128
178
161
166
166
153
200
322
464
429
359
341
289
236
226
224
243
226
211
182
150
133
73.3
96.2
116
151
101
122
179
171
178
126
125
83.8
102
134
132
147
153
293
331
269
168
158
157
142
144
142
164
159
132
126
150
149
246
541
309
311
209
177
200
298
370
358
272
280
248
241
224
291
235
238
211
200
120
100
70.1
42.2
67.2
105
74.4
111
89.5
125
142
183
215
237
150
122
118
141
150
237
175
168
98.5
103
89.5
84.1
103
101
98.2
70
94.6
91.3
130
184
211
159
534
823
325
281
244
221
197
195
199
162
163
148
123
132
89.5
145
104
152
123
125
162
135
107
139
92.3
70.3
50.7
40.3
39.8
68.4
413
494
596
335
257
306
797
331
302
271
224
217
176
167
181
140
159
141
131
150
131
146
148
135
107
39.1
50.1
88.7
113
186
170
171
96.5
76.8
58
94.8
106
135
87.4
81.5
94.9
89.9
74.4
99.4
77.4
73.9
73.9
55.7
30.3
33
34.7
99.5
87.4
103
96.4
96.1
116
80.9
108
107
93.9
92
73.9
118
117
111
18.6
71.8
27.8
36.3
29.9
32.8
37.7
27.2
22.7
26.4
24.8
39.8
144
69
70.2
19.8
34.1
15.8
31.4
43.2
53
78.8
70.3
26.4
20.9
66
39.2
61.4
47.3
64.9
67.9
159
101
118
106
78.8
67
51.4
23.2
33.5
36.3
60.5
80.4
237
380
304
155
99.7
115
138
139
126
168
169
166
147
136
187
186
187
151
109
108
160
217
176
133
40.6
87.9
87
98.5
101
88.1
89.6
92.4
99.5
118
134
52.3
69.3
49.4
79.9
82.3
49.1
166
341
259
262
170
162
200
167
104
85.9
86.9
86.3
196
315
286
274
132
128
134
310
224
123
157
108
201
168
340
124
74
105
111
95.4
131
129
183
263
211
122
112
98.1
51.3
129
136
196
301
652
791
394
374
350
324
256
227
234
221
435
813
915
980
610
518
676
537
678
439
329
309
318
428
396
339
329
310
243
336
348
322
309
253
285
313
237
273
217
214
155
125
126
147
167
220
196
241
172
150
184
153
155
129
109
160
177
221
283
317
249
207
186
162
139
110
124
105
112
106
117
104
92.2
98.6
109
93.3
112
92.4
80.1
95.9
98.1
129
113
83
113
243
181
167
126
89.8
188
154
128
75.6
88.2
65.1
83.7
58.1
68.8
50.4
41.5
91.8
107
98.7
101
80
76.4
59.2
39.7
20.8
33.5
102
37
44.2
38.2
33.9
78.9
70.5
81.7
51.6
33.5
29.2
30.3
27.9
72.6
58.4
51.1
59.8
40.1
57.3
72.3
71.3
58.9
21.2
36.9
51
95.3
73.4
55.3
52.8
64.3
58
59.6
22.4
37.6
32.4
19.3
27.4
19.1
20.2
21.3
15.6
23
23.5
29.2
105
97.7
112
111
73.9
26.5
30.2
17.5
34.5
34
30.4
40.5
24.7
31.8
60
75.7
71.5
67.2
73.6
73.2
99
67.2
60.2
34.4
16
17.6
17.3
16.3
15.7
15.6
11.2
18.7
29.6
32.4
30.5
28.7
22.6
17.3
23.4
13.7
61
40.9
87.8
57.7
68
19.9
30.5
11.2
18.7
16.1
7.83
9.18
17.3
20
19.5
17.6
19.1