25.2
60.4
64.6
24.6
24.7
27.3
22.4
24.6
49.1
46.4
32.1
23
16.8
24
41.3
39.7
36.9
7.95
9.76
9.07
16.2
8.32
6.87
31.1
44.6
56.4
50.9
25
16.3
7.37
3.97
6.25
4.34
4.04
4.87
6.78
9.01
12.1
10.6
10.1
29.6
26.1
25.3
45.6
56.6
48
46.6
50.5
95.1
73.5
62.7
73.5
61.2
76.9
117
129
84.6
73.6
73.2
103
107
136
123
319
473
373
487
793
404
273
256
211
216
177
117
101
136
73.6
106
82
99.7
62.3
160
255
223
186
159
225
258
217
223
225
171
86.7
85.9
90.6
84
110
114
91.7
99.8
97
59
195
205
177
173
621
555
319
324
359
299
316
281
464
461
452
353
376
238
224
196
258
638
653
418
393
345
303
268
287
219
208
175
166
171
167
171
246
220
229
253
244
249
412
601
917
462
319
342
1310
908
640
426
349
365
310
295
582
2470
1030
1530
1700
805
609
483
429
401
370
345
321
323
605
1290
620
462
383
339
316
301
286
379
384
335
308
298
265
281
270
335
340
308
270
270
259
248
171
175
209
230
302
276
241
203
171
169
147
157
158
197
161
171
159
131
123
134
111
132
102
124
103
121
108
114
109
120
143
162
130
123
88.8
85
128
178
218
276
156
120
109
121
189
269
324
295
252
167
180
146
149
114
114
96.5
110
92.1
98.4
96.4
94.2
82
78.5
67.4
70.8
59.7
58.1
73.8
64.7
65
68.1
68.6
62.9
39.8
51.8
44.1
36.8
36
32.2
32.4
32.5
38.6
38.8
56.3
70.8
68.2
54.1
112
72
67.6
57.6
63.2
51.5
57.3
28
39.4
32.2
34.9
37.9
31
29.5
33.7
27.8
24.3
21.1
32.1
69.4
75.8
61.9
20.2
19.9
22.2
27.5
32.3
28.8
32.6
39
40.4
57.6
55
64.6
50.8
42.8
23.4
12
28.5
35
32.4
52.9
46.8
53.4
48.1
26.5
17.2
23.8
38.5
26.9
36.4
45.6
58.2
54.9
50.8
46.3
54
57.1
58.5
57.6
26.5
51.3
71.1
54.3
55.8
55.6
51.9
52.5
43.4
54.5
54.9
47.8
44.6
18
18.8
8.22
24.5
31.5
39.5
44.7
25.6
26.7
19.6
14.4
32.7
14.9
23.3
15.2
2.58
6.85
35
29.9
27.9
20
43.9
28
11.6
20.5
21.9
19.2
15.5
20.1
11.3
6.8
23.7
10.6
11.8
45.8
10.7
10.8
9.57
10.8
17.8
18.2
17.5
43.4
32.1
19.4
15.8
28.7
24.8
27.1
76.3
110
128
228
249
113
135
56.2
26.1
20.3
13
6.56
3.93
3.59
15.4
16.3
62
68.7
82.9
55.3
63.8
24.1
91.2
53.9
50.2
20.3
24.6
60.2
73.8
125
70.3
45.1
37.5
25.6
48.1
90.7
147
204
106
68.3
42.9
57.8
60.7
110
133
168
160
141
126
121
110
159
510
347
355
303
278
237
130
120
126
32.1
62.1
67.3
71.1
70.1
69
62.8
61.8
63.9
86.7
147
120
104
8.29
29.3
25.8
25.9
26.4
26.3
25.1
15.4
30.9
45
70.4
71.2
52.4
55.1
45.6
40.9
93.4
100
75.3
34.7
35.3
39.3
66.6
153
110
241
515
916
337
290
242
341
167
178
169
280
290
243
237
219
199
220
235
390
710
885
399
302
250
240
238
203
169
136
146
119
108
107
102
87.7
74.2
113
125
96.1
92.3
78
62.7
73.6
88.2
88.8
112
116
109
77.1
79.9
56.8
66.7
77.3
83.4
87.2
125
73.4
46
45.7
36.6
37.5
9.7
12.3
12.3
17.2
27.2
25.8
19.2
17.5
6.06
11.9
19.4
106
64.1
127
53.8
31.7
33.4
39.2
35
23.8
28.6
18.6
10.3
74.9
57.3
99.7
66.2
75.6
58.7
53.3
52.5
46.3
44.2
61.3
53.1
58.2
78.2
71.9
64.7
51.9
49.8
39.6
36.6
42.9
54
53.5
57.9
53.5
106
110
154
133
145
84.6
63
121
66.1
65.6
60.1
59.1
62.1
60.4
73.9
102
66.2
80.5
62.7
67.2
74.6
63.9
61.9
62.9
65.9
68.3
55.8
53.2
46.3
54.8
48
48.4
47.9
32.8
46.2
36.3
37.6
40.7
36.5
36.9
31.6
38.6
29.8
31.6
59
12
44.2
49.6
38.3
14.5
22
8.96
11.5
9.19
9.37
8.85
24.5
24.6
47.7
48.5
37.6
33.3
35.7
31.6
30.9
35.3
29.4
35.4
32.8
42.6
46.3
33.2
44.9
18.4
8.79
31.5
38.6
39.9
29.5
45
43.8
40.3
55
46.5
43.2
34.6
11.2
4.7
15.7
6.7
11.9
11.3
11.7
11.5
15
27.7
32.7
32.2
26
19.7
6.23
12.3
14.8
24.7
22.1
21.5
15.8
16.1
16.2
17.2
14.2
13.6
12.4
22.6
12.2
16.1
14.3
8.34
10.1
22.8
20.9
20.6
17.3
20.6
14.4
19.6
20.6
29.1
22.4
16.9
22.2
24
22.2
18
9.19
11.2
11.4
7.18
12.5
12.6
11
12.3
18.6
11.3
18.6
17
18.3
21.9
16.8
39.3
22.3
19.3
23
28.6
18.6
10.7
22
73.3
64.5
42.8
34.8
19.6
23.4
34
34.1
25.6
11.9
9.72
22.3
32.7
35.5
27.6
24.1
16.3
14.9
17.1
17.8
26.3
28.1
57.6
38.7
39.6
53.1
37.8
21.2
16.5
21.3
28.7
44.1
38.5
35
29.9
24.5
18.5
21.5
13.8
10.1
6.04
7.25
2.4
2.17
13.5
10.5
11.2
13.4
11.2
18.1
14.2
20.7
15.5
19.5
13.8
11
11.3
17.8
23.7
39.6
32
36.6
30.1
25.5
24.8
51.9
42.7
27.5
10.5
17.5
40.7
49.1
18.9
27.9
36.4
66.9
94
144
166
125
90.9
46.3
41.9
71.6
17.5
49.2
26.6
10.4
45.7
96.2
50.6
44
35.2
13.2
13.2
3.38
20.7
159
168
127
69.5
79.1
41.3
39.5
21.1
24.3
120
99.5
113
109
195
310
374
248
231
132
61.5
88.5
47.8
44.2
29.4
38.1
31.3
25.4
30.3
23.1
37.1
31.4
31.4
26.5
32.1
46
94.7
83.9
84
84.4
55.2
48
39.3
72.2
76.8
110
62.4
97.1
83.6
53.3
63.6
75.9
25.3
25.2
9.38
9.06
15.3
13.9
16.5
13.9
14.5
14.9
16
32.3
28.4
19.2
35.7
32.5
24.4
23.6
17.7
19.3
9.66
28.4
81.1
28.3
97.6
123
130
208
181
118
36.9
60
28.8
41.5
38.1
50.6
47.5
57.2
43.4
29.8
42.8
97.9
108
74.3
74.5
47.7
37.6
37.6
31
27.5
24.4
21.9
21.5
18.1
21.5
18.4
18.1
18.1
14.8
18.1
21.5
21.9
59.6
38.1
46.2
35.4
32.1
28.6
21.6
25
21.9
25
25
28.5
19.8
18.7
18.1
9.65
5.12
9.16
9.23
9.32
10.3
20.6
10.4
17.3
14.5
8.83
7.36
7.33
4.93
13.2
10.7
25
28.5
21.9
18.1
25
21.6
32.3
25
21.6
18.1
19.6
14.5
14.3
17.9
12.7
11.2
11.9
7.59
14.1
21.8
20
10.2
21.9
13.3
12.9
13.2
22.2
59.3
39.8
27.9
23.3
28
29.4
12
11.3
5.21
18.8
20.9
25
20.2
50
43.5
44.6
49.9
18.1
77.7
52.8
23.4
22.3
17.3
11.1
13.5
12.9
14.3
4.69
4.62
2.35
4.95
4.12
3.17
4.3
5.57
8.17
9.46
10.5
5.98
5.96
6.78
9.04
6.75
6.16
5.5
47.7
37.2
52.9
22.8
17.6
9.69
10.5
11.2
7.13
5.07
6.04
8.19